4 1 0 0 58
4 5 0 1 58
4 3 0 3 58
4 6 0 4 58
4 4 0 5 58
4 2 0 7 58
4 2 1 0 58
4 8 1 1 58
4 6 1 2 58
4 7 1 3 58
4 9 1 4 58
4 5 1 5 58
4 3 1 6 58
4 4 2 1 58
4 1 2 4 58
4 8 2 5 58
4 9 2 7 58
4 6 3 0 58
4 2 3 1 58
4 1 3 2 58
4 7 3 5 58
4 8 3 7 58
4 3 3 8 58
4 3 4 1 58
4 4 4 2 58
4 6 4 3 58
4 8 4 4 58
4 2 4 6 58
4 5 4 7 58
4 8 5 0 58
4 9 5 1 58
4 1 5 3 58
4 2 5 5 58
4 4 5 6 58
4 6 5 8 58
4 7 6 1 58
4 5 6 3 58
4 2 6 4 58
4 1 6 6 58
4 4 6 7 58
4 8 7 3 58
4 7 7 4 58
4 1 7 5 58
4 5 7 6 58
4 3 7 7 58
4 9 7 8 58
4 1 8 1 58
4 4 8 4 58
4 3 8 5 58
4 6 8 7 58
4 2 8 8 58
